| ra       | dec      |
| double   | double   |
203.332 -53.35469
194.98458 -19.41306
120.49542 21.372
21.22167 -76.90167
144.02283 -20.78156
161.51704 -9.81217
149.72348 2.08661
327.25408 -59.97858
41.32042 9.55111
179.08888 31.42694
164.22258 65.66558
6.3732 -14.55365
187.16796 -38.31706
5.65858 -48.58114
304.87942 -5.32308
200.38754 -43.66194
336.15768 -27.56584
227.01754 55.33167
159.67633 -28.26057
191.14292 -24.27525
279.66588 -57.89328
218.13975 52.41289
347.84188 -23.25689
301.45214 -47.97825
117.69279 54.36222
156.59254 -34.96369
313.00975 -57.06878
71.18239 28.24906
162.66602 65.72721
98.4125 26.48472
288.46808 -56.30994
182.7835 -24.587
249.217 -60.27647
221.752 -16.76681
177.45844 22.21453
110.01308 59.3785
134.83533 0.86087
54.43359 -5.0445
65.05783 -63.96517
136.33479 -0.03712
195.9604 28.05442
1.90779 -72.19828
40.78646 -32.80197
197.44417 -57.89675
197.71508 -58.08006
13.39779 -69.59481
45.76871 27.56272
95.09971 -63.89744
197.8485 -57.92972
197.67308 -58.08717
54.50054 -70.46569
240.84396 -33.79875
210.47742 -56.97717
38.94925 -74.24194
327.59467 -5.74866
310.49771 -15.46342
266.56329 -55.18417
3.48133 -35.39406
319.34125 -35.90028
202.31113 -31.98858
48.81079 41.98067
